# Created by Octave 4.0.3, Sun Oct 14 21:33:50 2018 CEST <xavier@stretch>
# name: X1
# type: matrix
# rows: 50
# columns: 7
 2.094838878621192 -1.728432805073824 1.937505756898724 3.334430402507112 -0.0158663565511743 0.1823675164594674 0.6622466172608223
 0.5147838032613452 0.7802500433253514 1.116006904251815 -0.2754631759052633 0.5539124355602684 0.7585785002912624 0.8790937908849361
 -0.1330839675014495 3.807616676059671 0.6330683166868369 1.310220456080902 2.228517678413392 0.584043839419111 0.6472644960052381
 1.341104389175492 -0.6056981098601615 0.4526971667465006 1.12590405913072 3.402768710561969 1.995118569532139 -0.8225239772530168
 0.1761659419593715 1.457145351140547 2.626623201133474 1.354613515495542 2.325131502624707 0.5759577646029432 0.1288633189157556
 1.396471233659685 0.2219865238342349 0.8999621364314261 0.3841997402277662 1.647648301721914 -1.064483767872556 0.2205731539058901
 1.034220335216443 1.111856003662558 2.686691439584024 0.2790881863287278 -0.1476420527733728 0.9454340201201281 1.296192227119198
 3.569819994098048 0.1559815723573375 2.865671058863394 2.140324985781977 0.4444000077001179 0.9319804565596909 0.8089963106214085
 -0.589916093359953 1.946021627707246 2.01791622969179 2.034816222223889 0.2079177997033237 1.105683632722638 1.285245425689787
 1.902106838947541 0.3529965553376117 0.3422374409591579 1.331233637536708 -0.7908454000628504 1.230040980378041 1.466022011098947
 -0.188635030010843 0.5826524622832712 2.552311332439755 0.5689115163305278 -0.02114221899033475 1.093525313492587 1.127101601951822
 0.924890879809971 1.150107410065526 1.974348049950069 1.281741424090457 0.8455816842566151 -1.808704269891372 0.8072306398847977
 0.5194825939580388 1.5842748390798 0.7085684192918894 0.3235860359057963 -0.4092101950710536 1.059098326069345 1.521460065351487
 0.4469532813523726 1.036443033570096 1.707512734989344 0.4124813046788405 1.490760041813204 0.5051483631942394 0.4619085858074172
 2.101033007351741 1.275505705073387 1.444140581768838 0.60280992403172 -0.4977804025257615 0.4558489834932291 1.503991342277558
 1.585612406190552 1.543051864039368 0.8946561367101671 0.6876998742205767 -0.004679788836906562 1.536120499044419 1.310950267226327
 -0.4259408568141154 1.778156109591957 1.148989949737765 1.569176496962313 1.385059590437878 2.930484986600291 0.6631014266994526
 0.09920677089958108 0.7895360537528898 2.714475045133354 0.7858694962205046 0.3812065485294939 1.143644896891591 0.967303936485831
 1.274862328149175 2.192263596640874 1.521786035456323 0.7588336348007758 0.9044344197681449 1.359938185005654 0.9862355094441024
 1.765985082518966 3.925789438745023 2.047255082913693 1.014631410655273 0.2967919802718166 1.827807956265733 1.636761897613096
 0.2127048842284953 1.320831834594015 2.099910290795335 -0.1697173064540682 1.593936757658976 -0.2954573306979156 0.4671979880893151
 2.353649226235959 3.011701417472003 -0.1183031599278803 2.011308123576164 0.6412233020073872 0.6305351819255685 1.281728632490707
 0.7330155722759436 -0.1465290009099902 1.52715052216288 0.2352866497136084 -0.07357551998554945 0.625412287353828 1.007481959810777
 0.02043523634086808 1.864485915790647 2.349995646567865 1.329748689492512 2.025275096043712 0.2578756707689445 0.3602596351362732
 2.539920025684181 1.864165868731854 -0.06366196978489924 0.940860728611285 0.2550594441462984 -1.724558467659193 1.245303451673222
 1.289734709375838 2.100917681717609 1.498481614928517 0.2064737026228064 0.05005933414287056 2.113622745006455 1.395153869272086
 0.767506491432604 2.071140124186291 3.100639470263005 1.431663230370802 1.397626285417968 2.153832217296324 0.7154148821282743
 0.6291967289522531 2.74822257467674 1.723711641563216 1.12471740974003 1.345152291790876 0.4600638268593709 0.8770683690399097
 0.5693124191160025 -0.7243330208254921 1.87366745307268 2.795573798977897 1.223462675305848 1.434964239111484 0.2434020581819778
 1.039040744125441 1.448796960607686 0.7938533129918932 0.8528631744001496 0.3614696525556668 2.262663348082357 1.109024565843704
 0.8895400082241548 1.013568832691384 0.02586759089227841 0.7128392878349952 0.9510268141456212 -0.1622935067461919 0.7272003594654662
 1.55018447229199 0.7560423535996238 1.158644113124425 -0.3253064560292982 1.85493788240049 -0.6987507568688405 0.2237395295196796
 1.479089155886152 1.789318596553196 1.503012516827857 2.203654017636175 -0.2470376853107192 -0.7048105029255483 1.481382561965999
 -1.425473050874222 0.2571494384388023 0.2182040797246875 0.5188087217553606 0.6297206490004843 1.368306495400405 0.7365695631875183
 -0.1950811989386192 0.458245093429136 1.120257257172062 1.641841830752182 -1.584242285973219 0.7551795938483465 1.883770161672436
 -0.172481315399772 0.9381348518155286 0.1000842175134273 1.273050269040608 1.032304691874776 1.744847100781957 0.6714746244257178
 1.495514682742974 0.2964434529001891 0.9975614478192094 2.220608458619879 -0.07817766276613392 -0.1550542701811639 1.098377521963105
 0.09596076263735298 0.4813393761818345 -0.3633688071522645 1.833143650309915 0.05434931007737132 1.941550234446095 1.069093220197681
 1.645735190450931 0.3759696404260294 2.058016063385772 0.2907453940341469 2.298102825432217 1.755279973119146 -0.0738574846309028
 1.665998662294693 0.3025405740699886 1.480898655769927 -0.08912584603847629 1.569623585681019 0.9968344415683361 0.2756963219734881
 1.675671950592614 1.05114186716187 1.914494127521259 1.119787188096729 0.7128852181189983 0.1938647114549346 0.853785764372875
 1.497196274611721 0.5554154518803106 1.519873242100346 0.1045851172134989 1.15142914268568 2.404065225014207 0.535368519033222
 2.487760152566728 1.551277793283775 -0.3621107454308194 0.4055279670040521 2.422024585609138 2.056335000336831 0.09924326585218624
 0.5200811161954181 -0.6215003780820401 1.16396312714342 0.3496498117118543 1.882501027155537 2.778594085988928 -0.06555058919417633
 -0.03833920180211337 2.603183743087551 1.514181731934153 0.805523931244886 1.019175757415387 1.033284075201335 1.011048869909817
 1.296921687988047 1.150992047390808 0.3789786321048589 1.269765183316839 0.4462859476354804 2.138119785239422 1.007055435660422
 2.69236172049185 1.283898242960169 1.559679491681271 2.201238133684885 -0.7033578915381247 2.349459315012584 1.608458594361096
 1.449638557952627 0.7462109384333466 0.5607286416380268 0.6053684323299988 1.100761105184669 2.039122105746722 0.5988616350943348
 2.478996180285478 0.523807563637923 0.6340933586734903 0.8321517582292055 -0.6515864357835182 0.7799035519000269 1.430554730619344
 1.863792741949961 0.8499813790247155 0.379976554911087 -1.042598890712259 0.132553046370534 0.7328599420444839 1.103719752619676


